seed	split_0	split_1	split_2	split_3	split_4	split_5	split_6	split_7	split_8	split_9
2	0.8960	0.8100	0.7243	0.6520	0.5794	0.5330	0.4591	0.3992	0.3274	0.2969

1) Accuracy per class = [0.95 0.93 0.92 0.82 0.91 0.95 0.83 0.95 0.82 0.88]

2) Accuracy per class = [0.93 0.89 0.86 0.79 0.86 0.94 0.79 0.93 0.82 0.81 0.73 0.81 0.8  0.69
 0.86 0.73 0.71 0.67 0.77 0.81]

Nets predictions distribution:
New =   92.00 %
Old =  8.00 %
Accuracy per net:
New net =   84.84 %
Old net = 36.88 %

3) Accuracy per class = [0.93 0.87 0.83 0.76 0.81 0.93 0.72 0.88 0.78 0.78 0.71 0.77 0.79 0.67
 0.79 0.7  0.62 0.68 0.69 0.81 0.73 0.42 0.74 0.71 0.55 0.5  0.91 0.57
 0.55 0.53]

Nets predictions distribution:
New =   82.80 %
Old =  17.20 %
Accuracy per net:
New net =   75.85 %
Old net = 56.01 %

4) Accuracy per class = [0.89 0.88 0.79 0.71 0.8  0.94 0.7  0.89 0.73 0.71 0.64 0.74 0.67 0.61
 0.69 0.6  0.57 0.57 0.52 0.75 0.69 0.41 0.72 0.73 0.53 0.43 0.9  0.46
 0.5  0.51 0.88 0.34 0.43 0.66 0.61 0.75 0.48 0.52 0.53 0.6 ]

Nets predictions distribution:
New =   75.60 %
Old =  24.40 %
Accuracy per net:
New net =   66.63 %
Old net = 60.76 %

5) Accuracy per class = [0.85 0.88 0.81 0.68 0.77 0.91 0.72 0.9  0.69 0.71 0.54 0.72 0.65 0.49
 0.61 0.55 0.52 0.42 0.33 0.71 0.49 0.23 0.55 0.53 0.38 0.36 0.83 0.28
 0.33 0.34 0.89 0.31 0.46 0.63 0.56 0.64 0.5  0.45 0.56 0.62 0.57 0.56
 0.57 0.63 0.61 0.64 0.46 0.55 0.41 0.57]

Nets predictions distribution:
New =   69.62 %
Old =  30.38 %
Accuracy per net:
New net =   58.20 %
Old net = 57.34 %

6) Accuracy per class = [0.82 0.84 0.75 0.66 0.74 0.85 0.63 0.86 0.64 0.73 0.36 0.7  0.62 0.38
 0.53 0.45 0.42 0.38 0.37 0.68 0.35 0.16 0.45 0.47 0.31 0.3  0.83 0.21
 0.25 0.23 0.79 0.23 0.38 0.39 0.33 0.38 0.32 0.24 0.37 0.45 0.56 0.57
 0.55 0.64 0.56 0.63 0.45 0.55 0.36 0.49 0.77 0.81 0.47 0.49 0.7  0.71
 0.64 0.73 0.68 0.77]

Nets predictions distribution:
New =   63.90 %
Old =  36.10 %
Accuracy per net:
New net =   51.62 %
Old net = 56.28 %

7) Accuracy per class = [0.78 0.8  0.61 0.68 0.71 0.83 0.48 0.78 0.58 0.72 0.4  0.63 0.57 0.31
 0.52 0.32 0.31 0.39 0.43 0.63 0.33 0.14 0.33 0.45 0.26 0.3  0.82 0.16
 0.19 0.16 0.66 0.18 0.3  0.29 0.18 0.36 0.22 0.06 0.14 0.31 0.29 0.32
 0.29 0.53 0.42 0.38 0.27 0.38 0.12 0.22 0.76 0.78 0.53 0.57 0.67 0.74
 0.69 0.73 0.65 0.8  0.69 0.27 0.27 0.59 0.51 0.28 0.56 0.51 0.25 0.75]

Nets predictions distribution:
New =   55.31 %
Old =  44.69 %
Accuracy per net:
New net =   40.52 %
Old net = 52.59 %

8) Accuracy per class = [0.81 0.78 0.57 0.68 0.65 0.87 0.55 0.79 0.5  0.67 0.49 0.55 0.51 0.25
 0.38 0.18 0.32 0.22 0.4  0.53 0.25 0.11 0.31 0.39 0.16 0.29 0.72 0.12
 0.08 0.14 0.59 0.13 0.22 0.09 0.16 0.4  0.13 0.03 0.11 0.21 0.14 0.12
 0.18 0.5  0.12 0.23 0.19 0.24 0.06 0.14 0.57 0.44 0.24 0.32 0.31 0.41
 0.5  0.2  0.37 0.56 0.68 0.29 0.37 0.61 0.52 0.31 0.55 0.48 0.29 0.78
 0.85 0.58 0.42 0.35 0.34 0.77 0.6  0.49 0.75 0.73]

Nets predictions distribution:
New =   56.44 %
Old =  43.56 %
Accuracy per net:
New net =   35.26 %
Old net = 45.97 %

9) Accuracy per class = [0.83 0.8  0.71 0.61 0.66 0.86 0.6  0.8  0.48 0.61 0.39 0.49 0.5  0.15
 0.34 0.13 0.33 0.15 0.28 0.5  0.2  0.1  0.13 0.21 0.11 0.3  0.57 0.12
 0.01 0.09 0.43 0.06 0.15 0.07 0.15 0.32 0.09 0.03 0.12 0.12 0.04 0.06
 0.11 0.46 0.06 0.05 0.13 0.21 0.02 0.03 0.57 0.23 0.14 0.28 0.24 0.28
 0.34 0.06 0.13 0.37 0.34 0.13 0.07 0.29 0.32 0.1  0.18 0.11 0.11 0.41
 0.85 0.58 0.44 0.32 0.39 0.75 0.59 0.48 0.73 0.74 0.56 0.44 0.18 0.71
 0.19 0.8  0.21 0.22 0.56 0.26]

Nets predictions distribution:
New =   50.67 %
Old =  49.33 %
Accuracy per net:
New net =   26.36 %
Old net = 39.30 %

10) Accuracy per class = [0.83 0.81 0.54 0.62 0.61 0.89 0.59 0.83 0.51 0.63 0.33 0.3  0.47 0.08
 0.24 0.13 0.32 0.15 0.23 0.48 0.19 0.09 0.04 0.18 0.04 0.22 0.55 0.12
 0.01 0.07 0.3  0.03 0.1  0.04 0.12 0.3  0.05 0.03 0.14 0.1  0.03 0.02
 0.1  0.45 0.06 0.01 0.07 0.15 0.   0.   0.4  0.11 0.09 0.17 0.22 0.14
 0.23 0.01 0.1  0.29 0.15 0.03 0.03 0.17 0.13 0.03 0.02 0.03 0.07 0.29
 0.67 0.45 0.28 0.2  0.25 0.4  0.37 0.29 0.43 0.39 0.62 0.46 0.18 0.76
 0.2  0.84 0.22 0.22 0.59 0.26 0.61 0.6  0.73 0.75 0.82 0.72 0.22 0.51
 0.15 0.59]

Nets predictions distribution:
New =   46.16 %
Old =  53.84 %
Accuracy per net:
New net =   24.37 %
Old net = 34.25 %
