seed	split_0	split_1	split_2	split_3	split_4	split_5	split_6	split_7	split_8	split_9
145	0.9000	0.7620	0.7453	0.6610	0.5916	0.5273	0.4574	0.4103	0.3556	0.3175

1) Accuracy per class = [0.93 0.96 0.93 0.9  0.9  0.74 0.94 0.89 0.85 0.96]

2) Accuracy per class = [0.84 0.92 0.9  0.81 0.88 0.56 0.89 0.87 0.7  0.95 0.37 0.82 0.9  0.44
 0.78 0.67 0.76 0.72 0.64 0.82]

Nets predictions distribution:
New =   89.95 %
Old =  10.05 %
Accuracy per net:
New net =   81.16 %
Old net = 31.84 %

3) Accuracy per class = [0.82 0.87 0.81 0.8  0.87 0.51 0.85 0.82 0.6  0.94 0.35 0.8  0.83 0.4
 0.74 0.67 0.76 0.7  0.54 0.8  0.8  0.89 0.91 0.89 0.72 0.85 0.6  0.56
 0.79 0.87]

Nets predictions distribution:
New =   85.87 %
Old =  14.13 %
Accuracy per net:
New net =   77.33 %
Old net = 57.55 %

4) Accuracy per class = [0.73 0.83 0.75 0.69 0.84 0.54 0.8  0.78 0.57 0.9  0.24 0.71 0.78 0.22
 0.61 0.57 0.7  0.48 0.47 0.73 0.79 0.89 0.91 0.91 0.65 0.82 0.58 0.5
 0.76 0.87 0.71 0.45 0.74 0.37 0.48 0.47 0.67 0.66 0.63 0.64]

Nets predictions distribution:
New =   74.78 %
Old =  25.22 %
Accuracy per net:
New net =   69.07 %
Old net = 57.28 %

5) Accuracy per class = [0.73 0.82 0.76 0.42 0.84 0.44 0.76 0.77 0.58 0.89 0.14 0.58 0.74 0.16
 0.54 0.54 0.69 0.42 0.44 0.66 0.71 0.84 0.75 0.78 0.5  0.79 0.45 0.27
 0.61 0.71 0.71 0.31 0.73 0.39 0.48 0.42 0.61 0.62 0.62 0.61 0.69 0.32
 0.85 0.23 0.7  0.68 0.63 0.73 0.4  0.52]

Nets predictions distribution:
New =   69.48 %
Old =  30.52 %
Accuracy per net:
New net =   60.51 %
Old net = 56.09 %

6) Accuracy per class = [0.72 0.77 0.77 0.48 0.78 0.35 0.77 0.78 0.54 0.88 0.16 0.58 0.71 0.13
 0.48 0.57 0.65 0.36 0.36 0.64 0.7  0.75 0.66 0.67 0.38 0.76 0.43 0.12
 0.54 0.68 0.63 0.18 0.57 0.1  0.16 0.17 0.49 0.36 0.43 0.44 0.67 0.28
 0.83 0.22 0.67 0.71 0.62 0.73 0.36 0.51 0.72 0.39 0.38 0.62 0.45 0.58
 0.75 0.39 0.56 0.5 ]

Nets predictions distribution:
New =   61.57 %
Old =  38.43 %
Accuracy per net:
New net =   50.81 %
Old net = 55.81 %

7) Accuracy per class = [0.7  0.72 0.76 0.61 0.83 0.32 0.74 0.75 0.49 0.91 0.14 0.51 0.69 0.08
 0.46 0.46 0.64 0.31 0.29 0.59 0.66 0.72 0.61 0.49 0.34 0.73 0.3  0.06
 0.46 0.62 0.52 0.12 0.43 0.03 0.11 0.05 0.33 0.23 0.31 0.2  0.13 0.01
 0.53 0.13 0.44 0.44 0.42 0.31 0.22 0.24 0.66 0.41 0.42 0.59 0.42 0.6
 0.75 0.42 0.55 0.53 0.53 0.32 0.79 0.42 0.48 0.6  0.52 0.42 0.65 0.75]

Nets predictions distribution:
New =   59.17 %
Old =  40.83 %
Accuracy per net:
New net =   41.91 %
Old net = 51.29 %

8) Accuracy per class = [0.7  0.69 0.69 0.74 0.78 0.34 0.72 0.76 0.51 0.92 0.12 0.34 0.66 0.04
 0.4  0.39 0.57 0.33 0.11 0.49 0.59 0.74 0.53 0.43 0.34 0.71 0.27 0.
 0.36 0.54 0.48 0.14 0.24 0.02 0.03 0.   0.25 0.08 0.23 0.03 0.05 0.02
 0.3  0.09 0.36 0.28 0.32 0.22 0.2  0.08 0.27 0.24 0.13 0.47 0.17 0.41
 0.48 0.32 0.35 0.41 0.54 0.3  0.8  0.44 0.46 0.59 0.47 0.44 0.63 0.68
 0.58 0.51 0.7  0.64 0.55 0.71 0.61 0.61 0.7  0.38]

Nets predictions distribution:
New =   54.69 %
Old =  45.31 %
Accuracy per net:
New net =   36.57 %
Old net = 46.40 %

9) Accuracy per class = [0.69 0.69 0.69 0.54 0.71 0.31 0.74 0.77 0.53 0.89 0.09 0.24 0.6  0.02
 0.35 0.46 0.58 0.29 0.02 0.45 0.5  0.76 0.52 0.33 0.31 0.66 0.24 0.
 0.24 0.51 0.29 0.04 0.11 0.02 0.   0.   0.24 0.05 0.2  0.02 0.05 0.
 0.19 0.09 0.29 0.1  0.2  0.22 0.14 0.01 0.13 0.1  0.09 0.38 0.15 0.2
 0.4  0.28 0.2  0.3  0.32 0.07 0.22 0.17 0.08 0.19 0.16 0.24 0.33 0.36
 0.59 0.55 0.69 0.65 0.57 0.7  0.69 0.66 0.71 0.44 0.59 0.55 0.63 0.67
 0.52 0.62 0.46 0.37 0.35 0.63]

Nets predictions distribution:
New =   49.06 %
Old =  50.94 %
Accuracy per net:
New net =   29.22 %
Old net = 41.66 %

10) Accuracy per class = [0.69 0.62 0.65 0.47 0.8  0.21 0.71 0.76 0.53 0.86 0.06 0.22 0.45 0.01
 0.35 0.42 0.58 0.22 0.   0.34 0.36 0.75 0.48 0.18 0.27 0.62 0.2  0.
 0.2  0.47 0.16 0.04 0.07 0.02 0.   0.   0.24 0.07 0.1  0.   0.03 0.
 0.11 0.07 0.23 0.06 0.07 0.18 0.11 0.01 0.03 0.02 0.03 0.28 0.08 0.1
 0.33 0.24 0.12 0.27 0.23 0.04 0.11 0.13 0.01 0.12 0.05 0.17 0.24 0.28
 0.32 0.11 0.36 0.33 0.35 0.25 0.31 0.38 0.25 0.19 0.61 0.55 0.63 0.69
 0.5  0.6  0.58 0.41 0.31 0.66 0.76 0.35 0.81 0.57 0.42 0.78 0.76 0.67
 0.82 0.49]

Nets predictions distribution:
New =   47.22 %
Old =  52.78 %
Accuracy per net:
New net =   26.37 %
Old net = 36.57 %