seed	split_0	split_1	split_2	split_3	split_4	split_5	split_6	split_7	split_8	split_9
144	0.883	0.7885	0.722	0.63225	0.5664	0.51783335	0.46528572	0.417625	0.37633333	0.33699998

1) Accuracy per class = [0.93 0.8  0.95 0.81 0.87 0.84 0.86 0.94 0.93 0.9 ]

2) Accuracy per class = [0.89 0.76 0.92 0.69 0.85 0.76 0.82 0.96 0.91 0.87 0.74 0.79 0.55 0.75
 0.76 0.79 0.74 0.83 0.58 0.81]

Nets predictions distribution:
New =   92.45 %
Old =  7.55 %
Accuracy per net:
New net =   82.64 %
Old net = 32.45 %

3) Accuracy per class = [0.87 0.67 0.91 0.59 0.83 0.67 0.79 0.94 0.84 0.84 0.72 0.71 0.59 0.78
 0.78 0.77 0.73 0.77 0.52 0.85 0.63 0.42 0.8  0.55 0.79 0.79 0.66 0.66
 0.62 0.57]

Nets predictions distribution:
New =   84.60 %
Old =  15.40 %
Accuracy per net:
New net =   75.97 %
Old net = 51.52 %

4) Accuracy per class = [0.91 0.68 0.9  0.54 0.77 0.71 0.71 0.94 0.82 0.75 0.66 0.51 0.51 0.73
 0.64 0.75 0.67 0.65 0.37 0.75 0.59 0.37 0.78 0.41 0.74 0.77 0.61 0.61
 0.5  0.5  0.53 0.48 0.5  0.52 0.71 0.67 0.26 0.46 0.57 0.74]

Nets predictions distribution:
New =   74.28 %
Old =  25.72 %
Accuracy per net:
New net =   64.49 %
Old net = 59.57 %

5) Accuracy per class = [0.89 0.65 0.89 0.53 0.74 0.66 0.71 0.91 0.78 0.76 0.62 0.48 0.49 0.71
 0.54 0.6  0.56 0.6  0.32 0.78 0.43 0.27 0.63 0.26 0.67 0.7  0.48 0.31
 0.31 0.32 0.54 0.46 0.5  0.49 0.72 0.62 0.26 0.48 0.47 0.76 0.52 0.62
 0.57 0.3  0.53 0.58 0.53 0.72 0.76 0.29]

Nets predictions distribution:
New =   67.02 %
Old =  32.98 %
Accuracy per net:
New net =   57.06 %
Old net = 55.79 %

6) Accuracy per class = [0.85 0.64 0.87 0.58 0.72 0.63 0.69 0.89 0.81 0.76 0.56 0.43 0.42 0.62
 0.48 0.59 0.44 0.55 0.23 0.67 0.36 0.21 0.54 0.22 0.64 0.61 0.48 0.18
 0.28 0.24 0.27 0.21 0.34 0.36 0.58 0.41 0.16 0.28 0.32 0.47 0.51 0.6
 0.55 0.27 0.49 0.52 0.5  0.68 0.74 0.25 0.59 0.47 0.81 0.85 0.61 0.73
 0.61 0.65 0.57 0.48]

Nets predictions distribution:
New =   64.15 %
Old =  35.85 %
Accuracy per net:
New net =   50.61 %
Old net = 53.88 %

7) Accuracy per class = [0.83 0.66 0.83 0.54 0.59 0.63 0.69 0.88 0.74 0.66 0.47 0.42 0.33 0.54
 0.28 0.58 0.36 0.49 0.19 0.66 0.34 0.13 0.36 0.16 0.51 0.59 0.44 0.1
 0.16 0.19 0.15 0.13 0.34 0.34 0.52 0.34 0.04 0.22 0.25 0.42 0.23 0.36
 0.32 0.05 0.17 0.3  0.27 0.53 0.47 0.2  0.61 0.52 0.78 0.84 0.6  0.69
 0.59 0.69 0.56 0.52 0.49 0.52 0.83 0.72 0.24 0.84 0.63 0.62 0.83 0.45]

Nets predictions distribution:
New =   58.47 %
Old =  41.53 %
Accuracy per net:
New net =   42.85 %
Old net = 51.70 %

8) Accuracy per class = [0.83 0.66 0.85 0.55 0.59 0.65 0.72 0.83 0.78 0.72 0.45 0.36 0.24 0.52
 0.25 0.58 0.23 0.5  0.17 0.65 0.29 0.09 0.26 0.09 0.37 0.55 0.43 0.05
 0.12 0.19 0.09 0.04 0.26 0.27 0.44 0.24 0.03 0.12 0.2  0.43 0.22 0.26
 0.37 0.01 0.05 0.11 0.17 0.49 0.33 0.16 0.4  0.28 0.59 0.56 0.39 0.23
 0.28 0.53 0.38 0.2  0.48 0.5  0.87 0.75 0.27 0.86 0.62 0.63 0.83 0.44
 0.4  0.37 0.39 0.66 0.68 0.51 0.65 0.52 0.55 0.73]

Nets predictions distribution:
New =   52.65 %
Old =  47.35 %
Accuracy per net:
New net =   37.04 %
Old net = 47.02 %

9) Accuracy per class = [0.77 0.64 0.87 0.53 0.64 0.6  0.63 0.8  0.81 0.7  0.42 0.29 0.23 0.51
 0.26 0.61 0.13 0.5  0.15 0.68 0.21 0.04 0.21 0.01 0.41 0.53 0.35 0.02
 0.02 0.13 0.11 0.03 0.02 0.2  0.38 0.21 0.05 0.08 0.12 0.38 0.1  0.14
 0.33 0.02 0.01 0.08 0.13 0.44 0.23 0.14 0.33 0.22 0.48 0.2  0.33 0.09
 0.1  0.42 0.16 0.13 0.32 0.   0.54 0.46 0.11 0.56 0.32 0.3  0.52 0.2
 0.38 0.45 0.54 0.71 0.69 0.49 0.66 0.47 0.57 0.78 0.63 0.69 0.51 0.84
 0.67 0.61 0.68 0.44 0.8  0.57]

Nets predictions distribution:
New =   50.02 %
Old =  49.98 %
Accuracy per net:
New net =   32.81 %
Old net = 42.46 %

10) Accuracy per class = [0.77 0.64 0.83 0.57 0.58 0.47 0.63 0.82 0.74 0.68 0.39 0.22 0.21 0.5
 0.24 0.51 0.1  0.46 0.14 0.66 0.22 0.   0.1  0.01 0.43 0.54 0.24 0.
 0.01 0.07 0.11 0.04 0.   0.16 0.34 0.22 0.03 0.06 0.02 0.23 0.09 0.05
 0.19 0.01 0.01 0.05 0.06 0.39 0.2  0.11 0.27 0.18 0.36 0.18 0.28 0.06
 0.04 0.36 0.13 0.14 0.27 0.   0.42 0.43 0.07 0.47 0.15 0.18 0.44 0.1
 0.15 0.35 0.34 0.37 0.29 0.24 0.27 0.23 0.25 0.39 0.65 0.74 0.47 0.93
 0.69 0.67 0.75 0.61 0.82 0.62 0.42 0.6  0.48 0.35 0.71 0.42 0.44 0.78
 0.29 0.7 ]

Nets predictions distribution:
New =   42.11 %
Old =  57.89 %
Accuracy per net:
New net =   26.69 %
Old net = 38.80 %
